n_expand= 3 x  3 x  1, n_t= 5, mirrored,
4.04140000000000     
4.1011414643000004 0.0000000000000000 0.0000000000000000
0.0000000000000000 2.5571583294000000 0.0000000000000000
0.0000000000000000 0.0000000000000000 1.0000000000000000
Al
40
Direct                                                  energy
0.4884849762933214 0.0091798508329930 0.0000000000000000 0.48
0.5962001051958126 0.0430266118078890 0.5000000000000000 0.23   
0.3810671166679640 0.0435874609152052 0.5000000000000000 0.23 
0.5686738876584911 0.2360460565817490 0.0000000000000000 0.18
0.4095951758394918 0.2372509982451732 0.0000000000000000 0.18
0.4913367729289178 0.4127328586147456 0.5000000000000000 -0.25
0.4880084917208833 0.6155284545597439 0.0000000000000000 -0.01
0.4884471830130224 0.8190073681357362 0.5000000000000000 0.16
0.7149242864596772 0.0755257929759523 0.0000000000000000 0.16
0.2624846891377004 0.0749291661012279 0.0000000000000000 0.16
0.6794161114832562 0.2735811414686111 0.5000000000000000 0.19
0.2980551212996687 0.2732304567696460 0.5000000000000000 0.19
0.8373061030226410 0.1106649689083596 0.5000000000000000 0.11
0.1403502124827938 0.1089771601009204 0.5000000000000000 0.11
0.7973615926603017 0.3045542966134533 0.0000000000000000 0.19
0.1788387103659161 0.3026185833187967 0.0000000000000000 0.19
0.6394525973473435 0.4673114005384775 0.0000000000000000 0.11
0.3372286447050712 0.4668910277361320 0.0000000000000000 0.11
0.6160703340181684 0.6467008305023825 0.5000000000000000 0.09
0.3604278171341164 0.6462356975350332 0.5000000000000000 0.09
0.7620618590438539 0.5023636762151824 0.5000000000000000 0.16
0.2146241915165916 0.5005034986420611 0.5000000000000000 0.16
0.7462656889182782 0.6924181933071765 0.0000000000000000 0.16
0.2305844873152481 0.6910331812059241 0.0000000000000000 0.16
0.6112261158159811 0.8387371044786676 0.0000000000000000 0.20
0.3657392167112405 0.8382521533881757 0.0000000000000000 0.20
0.7310291757241885 0.8853374377368226 0.5000000000000000 0.18
0.2468917607977232 0.8841196346547378 0.5000000000000000 0.18
0.9819734363975954 0.1645293467674591 0.0000000000000000 -0.25
0.9076853096524999 0.3423278517019170 0.5000000000000000 0.18
0.0669623021559786 0.3379134366817027 0.5000000000000000 0.18 
0.8808849770879448 0.5351001241184719 0.0000000000000000 0.18
0.0959019361098399 0.5323322250021221 0.0000000000000000 0.09 
0.8663946878371647 0.7393683010461771 0.5000000000000000 0.09
0.1116778675391998 0.7374086411229399 0.5000000000000000 0.09
0.9888476731643436 0.5676935074273430 0.5000000000000000 0.48
0.9888442971111431 0.7584868007429435 0.0000000000000000 0.16
0.8607545004742505 0.9310276571704534 0.0000000000000000 0.20
0.1169341686243968 0.9296462586289138 0.0000000000000000 0.20
0.9894479505679499 0.9622825016985814 0.5000000000000000 -0.01




